((604 100 17 27)
(861 26 23 24)
(875 844 29 20)
(524 114 24 24)
(696 820 26 19)
(746 795 19 14)
(48 965 24 29)
(798 18 27 18)
(296 182 17 13)
(189 299 27 16)
(416 282 13 16)
(428 975 13 15)
(16 803 20 25)
(432 825 12 18)
(974 894 22 12)
(312 37 27 12)
(117 474 17 24)
(319 163 25 18)
(593 759 15 21)
(725 551 22 18)
(278 959 18 20)
(178 871 24 29)
(143 688 25 24)
(803 5 17 16)
(67 101 12 12)
(447 582 10 29)
(272 338 18 27)
(186 424 12 12)
(978 202 11 11)
(421 583 18 19)
(181 11 21 20)
(832 872 25 23)
(907 285 22 17)
(439 398 13 25)
(81 266 26 10)
(229 594 18 20)
(628 101 11 11)
(973 947 25 16)
(701 114 13 11)
(367 290 19 29)
(165 239 28 26)
(498 773 7 14)
(539 54 11 16)
(119 477 9 3)
(401 630 24 17)
(511 866 22 14)
(469 329 11 24)
(293 33 11 14)
(5 782 24 16)
(868 769 21 21)
(655 420 22 25)
(871 498 4 3)
(479 329 21 26)
(640 354 26 16)
(604 742 27 28)
(258 423 12 25)
(874 211 23 20)
(788 123 23 18)
(822 438 13 12)
(944 792 21 18)
(48 512 22 20)
(689 639 26 10)
(838 270 21 15)
(273 359 25 26)
(857 606 18 22)
(847 939 15 26)
(740 924 23 26)
(2 498 11 18)
(255 698 15 28)
(354 97 24 28)
(586 516 16 26)
(26 157 24 25)
(204 435 24 23)
(734 715 28 28)
(211 228 17 14)
(161 903 21 15)
(343 675 17 26)
(686 600 29 27)
(209 583 27 22)
(573 925 29 15)
(254 257 27 18)
(204 93 15 18)
(238 607 12 13)
(938 256 29 13)
(575 927 17 9)
(102 381 21 21)
(319 854 20 17)
(672 457 26 10)
(617 526 26 28)
(661 865 18 23)
(390 123 20 13)
(651 46 17 15)
(670 798 20 19)
(459 711 13 10)
(149 107 16 18)
(454 640 22 24)
(35 202 14 28)
(477 537 23 28)
(27 242 13 20)
(689 111 26 28)
(827 949 18 20)
(220 413 19 18)
(708 858 18 17)
(108 903 18 19)
(716 51 10 19)
(162 31 13 24)
(159 893 27 10)
(590 199 11 5)
(599 452 29 27)
(596 453 16 28)
(211 184 19 13)
(952 350 26 16)
(300 92 11 20)
(488 611 21 13)
(4 421 11 26)
(475 454 29 13)
(656 330 20 17)
(937 351 27 27)
(17 526 28 27)
(222 633 12 17)
(132 820 28 19)
(184 278 14 18)
(781 75 23 15)
(787 64 16 22)
(617 193 14 15)
(478 17 20 27)
(339 325 27 22)
(305 686 29 18)
(496 810 25 25)
(745 790 24 23)
(258 651 20 24)
(334 34 17 11)
(173 316 22 19)
(113 816 28 15)
(907 809 20 14)
(38 102 25 27)
(207 212 12 22)
(705 871 21 15)
(722 819 23 25)
(56 466 24 26)
(60 126 25 13)
(161 22 15 18)
(3 857 21 17)
(438 62 9 9)
(246 831 24 11)
(190 569 27 21)
(384 143 19 27)
(293 864 13 26)
(737 480 18 15)
(962 808 24 24)
(646 932 26 24)
(259 151 16 22)
(584 56 3 14)
(929 181 10 18)
(795 846 15 26)
(699 242 27 24)
(520 969 27 18)
(870 195 10 29)
(645 783 27 14)
(393 742 23 20)
(17 475 28 22)
(797 834 18 10)
(526 446 19 16)
(434 729 20 17)
(169 509 20 18)
(97 519 24 22)
(901 191 17 22)
(858 49 13 26)
(815 516 18 18)
(732 354 12 22)
(165 407 20 19)
(651 826 22 26)
(811 585 14 23)
(297 211 28 17)
(878 721 24 18)
(328 774 17 23)
(972 62 20 20)
(367 972 28 16)
(534 847 11 21)
(390 848 26 15)
(459 655 18 23)
(297 410 29 14)
(147 324 12 17)
(655 775 17 23)
(807 943 28 18)
(632 512 18 23)
(593 634 15 13)
(397 394 20 26)
(694 218 29 12)
(272 873 21 22)
(148 437 20 24)
(542 878 22 25)
(867 480 16 24)
(565 127 17 24)
(306 69 23 25)
(856 488 23 27)
(905 883 13 29)
(116 237 25 29)
(798 129 20 23)
(422 562 16 22)
(274 656 17 12)
(449 369 25 11)
(394 596 25 14)
(888 108 22 27)
(783 867 29 16)
(571 831 21 17)
(672 478 27 17)
(461 461 26 17)
(252 217 10 14)
(519 54 27 26)
(288 340 13 13)
(833 619 17 24)
(339 740 15 17)
(379 85 26 23)
(849 892 25 22)
(758 223 23 26)
(601 785 27 15)
(668 243 14 26)
(426 162 16 13)
(506 862 23 17)
(632 809 22 23)
(868 88 11 25)
(151 579 10 26)
(352 72 28 21)
(58 648 19 18)
(36 903 18 25)
(816 151 10 29)
(554 964 14 16)
(607 673 20 13)
(193 975 26 18)
(551 618 15 14)
(969 232 17 14)
(721 392 29 29)
(281 768 23 25)
(269 346 29 20)
(204 488 11 24)
(591 718 10 23)
(556 793 25 16)
(381 143 19 28)
(400 311 24 24)
(125 44 25 29)
(258 630 13 16)
(220 868 28 14)
(447 344 18 25)
(365 658 16 16)
(200 60 15 19)
(790 17 13 18)
(858 40 10 22)
(547 66 22 10)
(123 692 15 16)
(286 46 25 27)
(653 560 29 14)
(74 567 16 11)
(591 621 14 26)
(41 345 11 25)
(83 795 10 23)
(545 703 16 18)
(696 261 23 21)
(321 195 10 10)
(612 688 11 19)
(681 432 7 14)
(271 893 27 23)
(430 538 12 23)
(139 127 12 20)
(392 581 29 18)
(436 67 12 14)
(832 261 15 28)
(605 96 28 10)
(934 645 26 16)
(260 614 14 29)
(784 15 13 16)
(183 102 26 17)
(836 697 15 23)
(622 913 15 20)
(59 576 19 16)
(374 973 26 17)
(808 413 19 29)
(432 734 15 14)
(467 281 25 28)
(516 393 20 10)
(304 156 10 27)
(843 654 20 19)
(832 76 15 17)
(85 43 22 24)
(620 215 23 17)
(913 453 20 23)
(120 290 15 14)
(89 272 11 26)
(255 183 25 17)
(877 430 28 26)
(3 396 20 27)
(900 466 27 29)
(416 68 23 16)
(127 55 19 13)
(377 231 28 12)
(294 109 10 21)
(218 262 17 23)
(915 89 28 21)
(226 77 19 29)
(679 249 17 26)
(842 863 27 21)
(280 160 28 10)
(603 919 15 10)
(972 454 21 12)
(221 439 17 14)
(426 327 26 19)
(925 734 19 28)
(339 422 22 14)
(0 163 29 22)
(942 719 13 17)
(207 43 15 18)
(616 609 20 29)
(822 79 12 18)
(411 339 28 18)
(699 794 24 13)
(909 266 12 25)
(16 211 27 27)
(953 441 22 16)
(585 593 12 21)
(49 74 21 23)
(366 661 15 14)
(725 272 28 26)
(745 88 29 11)
(253 743 15 26)
(925 674 20 20)
(265 531 18 15)
(157 861 13 8)
(591 585 18 23)
(775 907 19 22)
(741 920 11 24)
(617 238 24 15)
(842 260 19 16)
(823 44 28 26)
(185 30 22 13)
(192 382 24 16)
(751 960 17 23)
(59 358 23 28)
(591 354 19 20)
(419 53 28 10)
(279 958 29 29)
(748 341 24 20)
(49 362 12 29)
(334 739 25 10)
(806 47 20 15)
(816 659 26 19)
(593 89 17 13)
(293 353 24 19)
(301 197 27 23)
(315 523 29 16)
(943 242 27 16)
(903 343 15 16)
(204 251 15 15)
(937 747 15 17)
(574 632 20 25)
(481 481 17 17)
(74 870 16 21)
(638 555 11 18)
(864 667 23 12)
(368 95 23 20)
(190 492 28 22)
(207 6 21 21)
(335 294 17 29)
(713 234 15 17)
(362 814 28 29)
(474 621 23 21)
(49 405 20 12)
(818 970 28 15)
(291 642 27 12)
(814 138 23 22)
(868 913 25 13)
(388 235 18 13)
(75 577 21 19)
(188 854 23 22)
(822 43 21 18)
(635 888 28 10)
(24 401 26 19)
(385 250 25 18)
(816 901 20 11)
(55 640 18 18)
(372 586 12 25)
(718 914 29 28)
(475 263 12 19)
(324 305 15 29)
(718 220 27 17)
(119 970 25 21)
(91 421 27 15)
(678 73 10 26)
(627 521 24 15)
(578 530 23 13)
(609 699 29 19)
(547 708 8 4)
(20 394 28 14)
(776 404 10 11)
(716 897 14 27)
(398 70 22 22)
(690 902 14 22)
(245 914 17 15)
(129 251 17 17)
(570 95 12 20)
(334 521 17 28)
(677 425 15 27)
(504 263 20 20)
(526 319 16 21)
(307 358 26 11)
(811 564 28 20)
(501 424 24 26)
(577 776 24 24)
(561 166 17 22)
(407 127 28 20)
(825 533 28 22)
(835 946 18 14)
(126 522 15 17)
(969 746 24 29)
(170 417 25 23)
(968 518 19 21)
(353 283 19 17)
(816 251 27 25)
(747 422 28 11)
(823 120 13 15)
(302 583 8 4)
(282 661 19 28)
(716 419 28 29)
(200 166 18 25)
(84 143 25 22)
(973 92 24 27)
(159 831 20 10)
(6 349 11 29)
(316 896 18 20)
(672 131 23 26)
(633 269 28 29)
(195 546 15 25)
(189 33 24 17)
(685 933 16 28)
(160 209 10 28)
(184 815 24 25)
(646 153 21 16)
(205 291 21 24)
(842 694 11 26)
(407 164 25 15)
(493 430 11 22)
(668 135 11 8)
(229 838 21 4)
(852 507 21 16)
(300 216 15 24)
(875 349 21 19)
(407 701 27 18)
(620 673 21 24)
(50 505 21 21)
(4 402 18 27)
(803 551 22 27)
(339 409 29 20)
(785 961 21 16)
(0 848 10 22)
(679 131 21 24)
(983 956 10 27)
(433 300 17 21)
(448 366 12 28)
(150 974 15 15)
(780 255 21 13)
(409 529 25 16)
(73 155 24 19)
(361 53 26 18)
(694 211 23 23)
(262 915 11 23)
(184 858 10 10)
(91 145 15 12)
(881 380 10 15)
(0 28 10 17)
(340 762 14 28)
(194 968 16 18)
(146 525 29 28)
(71 726 27 22)
(973 847 21 29)
(186 82 18 11)
(612 909 23 24)
(276 351 12 19)
(965 230 21 14)
(65 363 10 24)
(410 699 16 11)
(123 276 23 11)
(793 843 10 15)
(942 496 16 13)
(170 12 21 16)
(402 466 27 18)
(553 814 23 23)
(748 937 21 29)
(732 791 27 22)
(943 539 14 14)
(572 557 21 20)
(280 512 27 11)
(181 288 20 23)
(463 73 24 19)
(301 901 13 11)
(586 71 16 21)
(886 167 23 26)
(307 771 27 22)
(69 57 27 19)
(939 147 26 13)
(654 227 10 19)
(347 114 25 17)
(253 364 27 20)
(954 885 14 18)
(748 45 19 23)
(707 268 23 16)
(888 218 11 18)
(555 828 28 22)
(786 16 29 21)
(64 51 25 26)
(560 974 29 22)
(612 713 18 10)
(193 548 21 25)
(981 79 15 20)
(658 836 18 13)
(135 86 28 24)
(676 752 22 24)
(851 164 18 25)
(232 876 26 12)
(127 254 11 16)
(27 562 13 14)
(567 826 26 21)
(519 114 20 27)
(849 270 20 29)
(644 240 15 19)
(742 465 16 12)
(387 958 10 14)
(854 612 15 14)
(26 171 15 11)
(646 799 24 22)
(660 39 10 20)
(521 531 29 12)
(545 64 11 15)
(822 584 27 24)
(41 227 18 25)
(433 983 13 13)
(663 501 20 25)
(85 234 7 20)
(640 830 11 13)
(255 733 10 29)
(228 818 19 25)
(12 5 17 29)
(224 24 16 10)
(499 816 27 14)
(115 241 24 11)
(613 107 29 19)
(502 148 22 13)
(742 289 15 12)
(208 373 10 24)
(822 53 12 21)
(619 376 20 25)
(678 453 10 25)
(196 85 11 10)
(22 468 25 18)
(383 847 21 10)
(157 457 20 12)
(772 729 18 16)
(565 302 28 26)
(401 504 12 29)
(171 602 26 21)
(957 785 27 23)
(124 391 25 24)
(348 960 13 26)
(175 255 16 10)
(612 627 15 22)
(705 335 22 11)
(654 129 10 28)
(699 627 13 23)
(534 108 20 28)
(136 921 28 20)
(652 888 15 11)
(144 88 21 19)
(648 835 14 20)
(449 190 26 15)
(153 234 14 16)
(488 461 15 21)
(547 43 18 26)
(436 405 19 13)
(859 802 10 26)
(115 230 14 23)
(430 405 13 12)
(570 341 13 28)
(525 874 26 17)
(655 422 15 13)
(690 36 14 19)
(640 268 15 26)
(754 783 10 13)
(95 403 10 23)
(35 922 15 19)
(641 825 26 11)
(280 810 23 17)
(205 690 14 18)
(468 758 20 24)
(693 661 27 29)
(904 282 19 14)
(165 804 14 20)
(119 336 21 14)
(702 118 20 15)
(35 898 10 15)
(255 354 22 18)
(186 73 12 12)
(529 961 21 22)
(958 466 21 20)
(172 99 13 14)
(181 421 27 22)
(918 688 22 14)
(395 223 23 22)
(912 103 14 20)
(185 431 14 20)
(630 454 12 24)
(257 948 17 26)
(631 565 28 23)
(885 793 17 14)
(21 437 11 24)
(816 245 14 25)
(183 386 26 27)
(509 125 11 28)
(908 69 11 26)
(293 578 22 13)
(100 433 17 23)
(192 393 20 24)
(722 354 19 13)
(144 296 11 15)
(235 925 29 22)
(799 845 22 18)
(243 193 20 11)
(639 261 13 17)
(637 946 22 16)
(943 262 27 28)
(568 665 28 13)
(63 497 14 23)
(121 207 20 29)
(969 763 18 23)
(805 199 23 26)
(799 721 26 17)
(965 724 29 25)
(139 444 19 19)
(652 254 11 12)
(842 790 23 20)
(312 359 11 18)
(150 856 24 18)
(87 528 20 21)
(575 705 26 17)
(156 331 21 15)
(944 238 14 26)
(350 930 26 26)
(165 814 12 17)
(287 640 17 25)
(93 535 5 4)
(525 529 26 10)
(957 952 17 19)
(747 464 13 22)
(302 867 28 12)
(941 963 25 14)
(544 630 26 11)
(884 122 19 14)
(114 921 16 27)
(677 913 18 13)
(928 276 29 11)
(862 106 23 16)
(364 57 29 26)
(945 365 13 18)
(575 358 20 19)
(169 58 26 26)
(376 776 25 20)
(141 871 12 21)
(555 62 18 18)
(278 68 18 13)
(231 793 22 22)
(192 471 21 26)
(190 79 14 13)
(627 252 11 25)
(666 129 17 26)
(118 238 25 20)
(496 315 18 10)
(327 98 28 11)
(167 893 28 21)
(314 358 16 26)
(910 207 18 27)
(204 855 16 20)
(418 638 26 29)
(847 654 27 17)
(505 611 28 17)
(502 432 13 11)
(834 381 14 27)
(186 447 29 29)
(78 52 22 13)
(423 167 11 13)
(208 573 20 16)
(55 950 11 18)
(389 353 29 16)
(717 280 20 22)
(798 41 23 17)
(804 8 20 10)
(704 417 27 27)
(914 702 27 25)
(410 727 16 16)
(776 40 23 17)
(370 602 14 13)
(750 546 28 11)
(586 638 10 18)
(475 844 12 17)
(264 963 21 23)
(740 649 16 14)
(368 203 16 24)
(771 641 24 29)
(508 276 28 26)
(225 191 10 12)
(283 663 23 17)
(360 418 26 23)
(260 344 28 17)
(819 141 18 20)
(840 364 10 14)
(770 233 23 15)
(119 505 16 11)
(280 772 16 10)
(319 44 22 19)
(54 648 26 19)
(271 246 20 20)
(70 656 20 29)
(528 917 26 15)
(298 163 19 23)
(98 431 29 28)
(107 438 19 13)
(538 773 26 23)
(403 548 21 27)
(217 62 14 27)
(720 905 15 11)
(819 630 26 24)
(498 178 11 13)
(663 432 20 13)
(132 337 18 21)
(410 281 28 28)
(898 291 13 10)
(245 193 18 20)
(268 527 20 18)
(226 240 20 26)
(787 913 24 10)
(439 418 21 29)
(757 306 11 25)
(321 686 29 21)
(301 791 15 11)
(340 180 15 22)
(941 843 26 13)
(77 534 18 12)
(763 976 17 14)
(575 655 27 18)
(243 184 29 11)
(134 127 26 27)
(735 426 22 11)
(665 480 13 14)
(450 522 27 20)
(340 666 29 20)
(100 808 21 13)
(672 624 29 23)
(299 898 28 22)
(477 331 14 27)
(428 151 22 20)
(447 305 19 17)
(641 179 15 11)
(762 46 17 11)
(896 189 18 27)
(225 787 3 5)
(326 55 11 22)
(632 290 29 15)
(471 53 17 26)
(923 732 28 22)
(767 740 13 10)
(129 260 18 19)
(580 977 18 20)
(880 738 20 19)
(921 336 19 11)
(893 873 15 11)
(569 85 27 26)
(735 941 14 27)
(644 405 23 29)
(607 449 14 11)
(75 530 23 24)
(545 808 14 11)
(354 767 16 11)
(396 776 10 17)
(912 639 27 14)
(847 553 19 24)
(692 39 9 4)
(111 510 18 19)
(804 949 19 24)
(161 245 20 21)
(300 934 21 12)
(76 76 19 11)
(317 710 26 10)
(367 203 17 14)
(606 702 24 26)
(465 108 19 10)
(168 650 10 11)
(244 384 17 25)
(623 158 26 29)
(237 496 28 18)
(563 151 21 17)
(515 382 15 19)
(337 726 24 22)
(345 761 27 10)
(500 430 19 18)
(146 254 10 15)
(474 100 19 18)
(898 277 19 17)
(484 825 22 20)
(933 153 10 28)
(384 93 27 26)
(127 558 27 14)
(778 99 15 21)
(529 931 14 23)
(51 624 15 28)
(931 409 12 14)
(186 225 16 11)
(301 298 19 19)
(580 557 18 19)
(948 238 18 20)
(646 827 22 15)
(106 70 19 24)
(935 558 26 24)
(196 953 20 13)
(625 622 21 10)
(567 750 27 19)
(976 204 12 27)
(298 823 28 10)
(629 239 18 13)
(311 199 14 16)
(845 85 23 16)
(789 548 23 17)
(322 962 10 29)
(240 955 22 27)
(715 787 25 16)
(696 558 11 13)
(956 524 27 24)
(768 326 18 21)
(128 525 14 15)
(193 967 11 20)
(431 57 21 18)
(208 308 20 22)
(499 101 27 19)
(742 803 13 10)
(370 113 16 27)
(300 581 21 10)
(875 160 26 10)
(890 174 12 11)
(336 351 17 16)
(927 233 23 16)
(936 322 25 26)
(934 610 23 24)
(328 562 10 27)
(328 914 25 10)
(708 561 26 10)
(645 558 12 27)
(769 22 26 11)
(537 678 25 26)
(298 301 27 14)
(968 536 13 12)
(144 526 27 19)
(352 282 16 12)
(849 673 22 22)
(717 549 14 21)
(341 422 12 17)
(940 264 22 11)
(352 506 18 29)
(936 263 15 29)
(628 230 28 13)
(625 902 28 21)
(659 422 13 13)
(675 938 21 22)
(896 875 5 5)
(288 226 20 29)
(766 635 11 13)
(649 242 18 20)
(493 27 23 16)
(69 787 22 25)
(871 149 12 27)
(765 166 24 11)
(153 460 14 16)
(227 243 20 15)
(15 538 12 19)
(909 174 20 24)
(241 137 23 26)
(511 446 22 20)
(53 297 18 15)
(434 103 13 14)
(463 351 19 25)
(729 396 19 16)
(381 826 14 10)
(145 906 17 14)
(148 172 5 4)
(683 443 21 20)
(42 866 27 28)
(277 46 29 11)
(617 717 22 15)
(759 258 22 18)
(431 503 26 26)
(962 763 24 10)
(18 788 19 23)
(215 452 27 22)
(520 54 15 23)
(838 362 17 20)
(323 939 27 29)
(713 350 14 13)
(57 656 14 17)
(570 120 20 27)
(302 26 21 22)
(165 432 18 10)
(977 245 12 18)
(341 136 25 27)
(70 720 16 10)
(588 194 28 22)
(941 371 19 23)
(757 90 4 6)
(820 938 11 16)
(201 890 15 19)
(253 270 15 17)
(965 901 28 26)
(190 84 11 25)
(191 479 28 19)
(359 272 13 12)
(341 404 10 27)
(883 391 26 26)
(712 812 12 13)
(708 652 27 25)
(50 176 25 21)
(728 807 26 11)
(200 457 16 11)
(139 288 29 24)
(575 562 12 12)
(839 966 11 28)
(395 262 17 26)
(680 326 16 26)
(734 732 16 23)
(886 344 26 21)
(172 685 26 14)
(493 854 28 14)
(290 693 17 25)
(549 71 11 17)
(927 548 15 15)
(657 852 11 20)
(16 217 29 21)
(180 415 15 13)
(702 308 26 28)
(700 348 27 21)
(961 757 16 21)
(636 234 25 29)
(136 329 17 12)
(398 957 26 19)
(596 335 14 24)
(305 410 12 10)
(86 408 26 16)
(973 849 16 10)
(771 970 24 16)
(296 28 13 14)
(311 674 11 19)
(83 232 13 27)
(688 282 12 26)
(645 222 13 17)
(127 299 22 28)
(392 245 15 27)
(188 527 10 29)
(173 383 20 21)
(816 941 10 25)
(565 84 18 15)
(35 911 13 16)
(513 342 19 24)
(766 967 29 20)
(678 762 19 21)
(196 969 25 22)
(876 332 22 23)
(939 801 12 23)
(212 444 27 17)
(706 260 17 22)
(350 589 23 10)
(50 450 23 17)
(952 727 18 18)
(684 554 17 18)
(175 935 11 15)
(121 824 16 13)
(648 469 10 13)
(325 281 19 16)
(70 654 27 16)
(556 823 11 12)
(293 937 16 28)
(59 441 26 11)
(638 387 29 10)
(348 26 18 20)
(825 172 11 29)
(853 548 19 12)
(802 611 20 23)
(334 508 23 28)
(151 588 14 19)
(27 238 20 29)
(822 266 28 12)
(72 66 27 11)
(595 91 10 21)
(227 832 26 15)
(551 877 24 17)
(23 170 29 16)
(868 176 20 23)
(98 472 27 16)
(167 986 13 10)
(22 31 16 15)
(50 570 13 11)
(850 253 21 18)
(257 506 26 14)
(195 72 11 17)
(818 8 18 11)
(831 735 20 16)
(622 247 23 25)
(834 661 26 26)
(673 516 10 20)
(452 192 13 14)
(405 36 21 21)
(929 484 24 19)
(744 650 12 16)
(137 878 12 16)
(619 194 13 28)
(9 349 22 23)
(648 478 23 16)
(237 80 21 19)
(419 68 13 19)
(312 688 19 11)
(588 398 14 18)
(146 688 17 28)
(527 852 25 18)
(789 551 15 20)
(68 90 26 26)
(4 789 24 11)
(263 545 24 14)
(858 867 20 29)
(254 325 10 27)
(212 183 14 12)
(689 606 16 29)
(627 961 18 17)
(91 572 10 14)
(969 515 17 29)
(628 50 21 22)
(88 963 23 13)
(315 579 22 12)
(63 211 22 21)
(591 981 3 3)
(934 168 15 25)
(338 766 12 26)
(818 110 21 29)
(683 326 17 19)
(390 568 22 26)
(331 879 17 17)
(155 71 29 10)
(321 807 15 19)
(806 644 23 16)
(413 439 12 19)
(859 881 24 19)
(284 898 20 10)
(599 452 23 28)
(304 804 21 10)
(297 667 26 18)
(10 139 21 25)
(674 789 21 28)
(863 496 17 10)
(657 940 21 25)
(915 397 28 20)
(250 374 10 11)
(157 50 26 28)
(763 317 18 26)
(950 65 29 14)
(61 309 11 21)
(831 907 28 23)
(782 939 28 26)
(865 52 26 24)
(242 668 16 13)
(670 214 28 26)
(459 762 27 10)
(408 320 11 15)
(443 353 29 23)
(515 974 22 13)
(876 835 17 20)
(976 898 8 4)
(850 639 15 25)
(53 178 16 7)
(186 41 28 28)
(945 457 19 13)
(438 828 27 26)
(851 257 10 25)
(365 154 14 19)
(608 514 25 21)
(527 209 18 26)
(321 307 15 14)
(676 256 21 10)
(169 988 5 4)
(81 650 19 25)
(890 796 27 14)
(935 538 26 23)
(470 316 21 21)
(901 285 22 19)
(794 582 21 15)
(157 893 22 13)
(231 964 27 19)
(812 91 23 13)
(20 552 12 15)
(820 958 10 16)
(412 425 23 20)
(180 903 25 10)
(286 915 18 23)
(580 53 20 21)
(315 708 18 18)
(258 886 29 18)
(945 848 12 16)
(332 741 25 16)
(783 116 22 15)
(436 576 22 14)
(585 570 13 24)
(364 974 12 14)
(833 72 11 17)
(582 829 18 10)
(208 418 26 15)
(496 768 12 23)
(688 120 18 23)
(124 392 25 29)
(171 457 19 12)
(678 745 16 10)
(354 674 23 26)
(284 569 14 26)
(357 68 11 24)
(7 499 13 29)
(513 569 16 12)
(206 565 10 17)
(162 5 17 13)
(230 475 24 10)
(909 803 23 28)
(455 315 20 24)
(498 323 13 27)
(323 856 16 26)
(178 234 24 17)
(391 97 29 19)
(226 474 26 28)
(95 24 28 29)
(316 892 16 18)
(243 203 25 23)
(844 878 18 22)
(335 674 11 28)
(93 137 25 22)
(814 63 22 13)
(124 309 29 16)
(181 64 16 28)
(443 101 11 22)
(427 590 11 20)
(160 512 13 21)
(476 322 17 13)
(94 527 22 12)
(676 636 14 20)
(335 942 28 11)
(15 432 15 19)
(273 73 19 29)
(476 541 26 29)
(118 976 17 21)
(682 782 27 22)
(885 414 10 23)
(459 258 21 26)
(125 418 11 28)
(132 421 14 15)
(270 344 17 23)
(156 686 25 19)
(67 853 10 14)
(269 439 18 24)
(861 205 26 10)
(401 508 22 29)
(294 652 26 13)
(95 383 19 27)
(342 943 18 15)
(522 233 27 22)
(678 245 15 16)
(301 941 12 5)
(593 949 16 24)
(116 251 12 10)
(709 665 16 20)
(608 938 13 26)
(861 69 28 22)
(101 463 11 13)
(641 958 25 11)
(788 630 21 10)
(593 390 13 16)
(146 166 11 15)
(514 702 26 22)
(815 377 29 16)
(422 316 25 23)
(881 356 19 26)
(157 72 12 20)
(382 467 25 17)
(662 936 17 11)
(947 798 24 29)
(858 491 15 11)
(829 867 17 19)
(903 873 20 25)
(111 568 22 26)
(299 939 23 12)
(333 101 11 17)
(626 357 19 18)
(562 323 25 23)
(296 939 8 23)
(804 70 21 22)
(526 566 21 29)
(776 404 19 25)
(452 102 21 25)
(666 72 15 21)
(228 96 13 18)
(600 698 20 11)
(188 308 25 13)
(70 513 11 22)
(132 234 19 27)
(639 463 14 10)
(174 253 17 14)
(256 702 29 23)
(116 303 14 20)
(972 186 16 21)
(209 228 27 15)
(505 662 27 18)
(935 485 19 19)
(788 962 29 25)
(929 554 13 18)
(118 283 26 20)
(161 294 14 24)
(186 378 29 26)
(963 268 14 17)
(131 553 25 26)
(184 207 27 13)
(603 648 24 28)
(355 340 17 17)
(330 916 15 4)
(32 164 11 11)
(298 803 12 12)
(716 821 15 12)
(953 524 24 16)
(953 623 14 25)
(38 469 27 15)
(210 49 18 29)
(313 813 22 26)
(76 569 11 6)
(676 451 23 14)
(155 607 26 27)
(200 799 21 28)
(345 343 23 14)
(587 737 15 26)
(943 426 11 14)
(416 529 23 10)
(25 513 26 21)
(936 241 19 20)
(783 119 25 19)
(745 555 12 21)
(94 950 15 23)
(412 491 17 20)
(606 732 19 25)
(36 133 28 28)
(105 815 25 15)
(203 841 29 27)
(816 700 21 23)
(303 351 15 20)
(505 605 23 10)
(151 551 21 22)
(646 49 14 26)
(10 554 15 19)
(40 105 20 20)
(790 573 10 10)
(717 651 11 25)
(942 288 19 10)
(944 424 19 14)
(697 283 27 21)
(27 397 14 19)
(328 978 11 19)
(237 671 17 16)
(297 217 29 15)
(699 96 12 27)
(305 70 25 19)
(377 394 10 27)
(194 546 29 25)
(861 769 23 11)
(153 114 4 5)
(155 937 23 24)
(945 476 14 16)
(640 413 29 17)
(218 785 19 11)
(974 182 13 29)
(654 260 16 12)
(201 688 22 26)
(221 636 15 13)
(813 927 12 16)
(464 718 14 24)
(278 759 18 23)
(378 962 15 16)
(672 121 24 29)
(926 704 16 13)
(409 584 15 28)
(215 935 15 24)
(180 411 22 10)
(361 601 29 10)
(617 187 18 20)
(256 517 29 18)
(173 456 24 28)
(346 971 12 23)
(598 796 29 19)
(171 927 19 25)
(135 676 19 18)
(879 366 29 19)
(159 651 16 17)
(0 27 26 14)
(803 849 20 10)
(495 169 14 25)
(753 466 12 12)
(953 744 24 26)
(254 528 27 12)
(22 404 11 10)
(771 154 21 27)
(856 358 25 16)
(706 50 13 18)
(647 319 26 20)
(939 819 24 29)
(520 794 26 13)
(69 882 29 25)
(297 368 12 10)
(510 966 19 15)
(909 108 15 22)
(140 262 13 24)
(340 681 22 15)
(104 70 19 16)
(425 278 22 11)
(148 88 13 22)
(514 676 22 16)
(466 102 27 23)
(228 808 10 28)
(708 527 19 26)
(81 219 20 12)
(947 816 29 10)
(163 968 22 10)
(518 347 28 27)
(141 283 21 28)
(792 960 17 26)
(822 728 29 21)
(813 238 10 13)
(534 317 13 29)
(864 348 13 24)
(466 287 22 19)
(952 280 19 26)
(425 57 26 14))