#887
41
54
#2441
14
51
#2441
48
50
53
57
#571
04
42
53
55
#2441
20
31
39
50
#1889
14
40
43
50
#2207
18
59
#971
29
53
#2963
23
39
#971
22
56
#571
42
55
#3539
06
09
40
44
56
59
#1889
44
45
#1889
28
48
#613
39
51
55
59
#1291
12
19
39
43
#239
34
57
#1021
15
34
37
44
#673
07
40
46
50
53
58
#1889
19
55
#2963
05
12
30
34
#2441
00
55
#239
31
36
39
49
52
53
56
57
#1889
03
38
50
55
#2963
50
58
#1021
00
37
57
58
#2441
26
51
#1249
33
41
#887
26
45
#911
02
07
13
22
31
58
#1249
03
43
#1249
01
29
38
42
#1889
27
29
41
57
#1291
04
14
#2441
01
08
27
58
#613
19
25
#1877
10
58
#571
46
47
#881
09
20
34
48
#2963
08
56
#571
21
28
#2207
15
24
37
58
#911
04
31
50
52
#1607
13
41
#571
20
44
47
59
#1607
40
50
54
59
#571
06
38
#571
01
54
#3539
18
46
#1877
01
10
27
39
#2963
09
37
53
56
#911
21
29
53
58
#1889
24
58
#881
04
18
39
58
#971
16
50
56
59
#2207
11
37
42
47
50
58
#881
26
50
55
56
#2441
14
54
#1249
21
31
35
50
56
58
#2963
13
54
#571
21
49
52
53
#2207
20
37
49
57
#887
14
53
#1889
15
55
#1877
02
28
#2963
13
34
52
57
#2207
01
10
33
41
47
49
#1291
01
06
24
30
#331
17
25
35
37
#971
03
07
18
55
#929
#239
06
25
35
36
54
58
#331
15
17
42
56
#1249
26
40
43
52
57
58
#1913
40
45
53
54
#1291
14
46
#239
14
59
#1913
16
34
#1021
17
38
#571
20
44
54
59
#887
10
44
#2207
18
48
#971
38
49
#2441
09
23
30
57
#911
21
54
#2963
05
30
#2207
28
48
#2963
12
39
#911
26
49
#1607
19
50
#331
40
48
53
57
#1021
22
25
32
38
#1877
12
40
45
48
51
54
#1877
00
05
36
59
#2441
37
38
#79
#1913
05
17
46
55
#1021
22
31
45
55
#239
29
34
46
52
56
58
#881
31
52
#1877
41
56
#2441
32
40
#613
21
37
#929
#1021
26
32
45
57
#571
46
48
54
57
#239
18
50
#2441
37
55
#1913
29
51
#2441
02
39
#881
00
58
#239
32
37
43
56
#887
07
19
45
56
#331
04
26
46
56
#1021
24
26
49
54
57
58
#911
30
50
#1913
00
50
#971
07
40
44
49
#331
21
25
35
41
51
53
#881
19
53
#881
12
23
30
48
#2441
28
44
#239
09
58
#571
17
34
37
54
#911
07
57
#239
07
45
#1889
47
51
#1877
28
32
41
44
#1021
19
22
30
54
#1249
21
23
37
44
54
57
#1291
11
50
#2963
29
32
#887
00
19
30
45
#673
34
44
#3539
22
31
#673
20
49
#239
16
31
#929
#911
02
51
#887
26
47
#1249
56
58
#1249
04
41
48
51
#911
14
51
#2207
23
44
47
54
#1249
08
18
40
42
45
49
52
59
#887
49
58
#1249
08
45
#673
48
51
#1607
32
44
#1291
46
47
#1913
33
52
#1249
14
51
#1291
42
51
56
58
#673
24
41
45
59
#613
18
59
#881
02
35
#877
#2441
06
25
38
51
#2441
32
44
#881
21
46
49
57
#239
04
34
#2963
35
38
52
58
#1249
12
13
#1889
27
45
#1607
14
27
33
58
#3539
32
33
40
41
47
55
#2963
27
39
49
58
#1913
16
39
46
49
#613
34
57
#1021
10
22
31
36
44
55
#2963
07
24
#1607
42
53
#887
33
52
#1889
41
44
51
56
#239
33
38
46
50
55
59
#1913
15
36
#2441
01
54
#1607
07
54
#877
#239
25
39
#971
37
46
#571
27
43
#2963
03
12
52
53
#2963
03
23
#971
02
32
36
51
#1607
09
44
#911
13
43
53
54
#571
28
58
#2441
39
53
#1877
26
28
#911
04
30
36
43
46
57
#571
26
59
#1607
14
41
#613
44
47
#1607
21
26
39
51
#571
23
31
36
53
#331
34
53
#1291
31
34
50
56
#1607
19
43
#881
02
12
22
48
#2963
28
46
#1877
09
18
57
59
#1021
26
57
#887
21
43
56
58
#1607
03
06
#2441
04
37
#1877
16
20
#887
09
52
#911
26
55
#877
#881
21
34
54
55
#613
14
58
#3539
52
57
#571
17
55
#1889
34
57
#79
#1889
41
45
#887
37
53
56
59
#1249
00
14
37
51
#2207
15
35
39
50
53
56
#79
#239
30
35
54
58
#881
01
54
#1607
40
57
#1021
27
44
#571
31
42
49
56
#239
33
50
#929
#881
22
55
#1877
07
57
#911
02
48
#1607
41
48
#3539
19
29
40
57
#911
28
59
#1607
20
57
#239
05
45
#887
35
43
#673
35
46
51
54
#673
04
47
#1913
07
45
#1877
02
10
49
54
#887
25
28
#1607
37
44
#3539
33
56
#239
26
40
#2963
02
08
#331
38
47
#1877
11
50
#613
30
45
#929
#239
36
44
#1249
15
37
#911
40
51
#887
09
17
50
58
#239
04
29
32
34
#881
04
05
23
38
48
58
#929
#1889
08
29
41
51
54
59
#2207
27
32
50
57
#613
25
26
#971
07
23
55
56
#1291
07
13
53
57
#1021
02
11
14
54
#1607
13
19
43
50
#1249
40
51
#571
15
20
35
55
#887
28
57
#2963
25
39
